#------------------------------------------------------------------------------
# PFOA.in
#
# Input file for simulating a discrete-time model. 
# Euler is used to simply define the time step for the simulation.
#--------------------------------------------------------------------------
OutputFile ("PFOA.final.out");
#-------------------------------------------------------------------------------------------------------------
# Data from Lau et al. (2006)
#-------------------------------------------------------------------------------------------------------------
Simulation {## Study 1 Group 1 Strain = CD-1 (F) Dosed 1 mg/kg at GD-1-17 ***Experiment = 1: CD1F-S1D1GD117
Dose  = NDoses(  34  , 1 0 1 0 1 0 1 0 1 0 1 0 1 0 1 0 1 0 1 0 1 0 1 0 1 0 1 0 1 0 1 0 1 0  , 0 0.05 24 24.05 48 48.05 72 72.05 96	96.05	120	120.05	144	144.05	168	168.05	192	192.05	216	216.05	240	240.05	264	264.05	288	288.05	312	312.05	336	336.05	360	360.05	384	384.05 );
Print( Ccentral , 432 ); 
Data( Ccentral , -1);
Print( AUC , 432 ); 
Data( AUC , -1);
}

Simulation {## Study 1 Group 2 Strain = CD-1 (F) Dosed at 3 mg/kg GD-1-17 ***Experiment = 2: CD1F-S1D3GD117
Dose  = NDoses(  34  , 3 0  3 0 3 0 3 0 3 0 3 0 3 0 3 0 3 0 3 0 3 0 3 0 3 0 3 0 3 0 3 0 3 0 , 0 0.05 24 24.05 48 48.05 72 72.05 96	96.05	120	120.05	144	144.05	168	168.05	192	192.05	216	216.05	240	240.05	264	264.05	288	288.05	312	312.05	336	336.05	360	360.05	384	384.05  );
Print( Ccentral , 432 ); 
Data( Ccentral , -1	);
Print( AUC , 432	); 
Data( AUC , -1	);
}

Simulation {## Study 1 Group 3 Strain = CD-1 (F) Dosed 5 mg/kg at GD-1-17 ***Experiment = 3: CD1F-S1D5GD117
Dose  = NDoses(  34  , 5 0 5 0 5 0 5 0 5 0 5 0 5 0 5 0 5 0 5 0 5 0 5 0 5 0 5 0 5 0 5 0 5 0  , 0 0.05 24 24.05 48 48.05 72 72.05 96	96.05	120	120.05	144	144.05	168	168.05	192	192.05	216	216.05	240	240.05	264	264.05	288	288.05	312	312.05	336	336.05	360	360.05	384	384.05  );
Print( Ccentral , 432 ); 
Data( Ccentral , -1	);
Print( AUC , 432	); 
Data( AUC , -1	);
}

Simulation {## Study 1 Group 4 Strain = CD-1 (F) Dosed 10 mg/kg at GD 1-17 ***Experiment = 4: CD1F-S1D10GD117
Dose  = NDoses(  34  , 10 0 10 0 10 0 10 0 10 0 10 0 10 0 10 0 10 0 10 0 10 0 10 0 10 0 10 0 10 0 10 0 10 0 , 0 0.05 24 24.05 48 48.05 72 72.05 96	96.05	120	120.05	144	144.05	168	168.05	192	192.05	216	216.05	240	240.05	264	264.05	288	288.05	312	312.05	336	336.05	360	360.05	384	384.05  );
Print( Ccentral , 432 ); 
Data( Ccentral , -1);
Print( AUC , 432 ); 
Data( AUC , -1);
}

Simulation {## Study 1 Group 5 Strain = CD-1 (F) Dosed at 20 mg/kg GD-1-17 ***Experiment = 5: CD1F-S1D20GD117
Dose  = NDoses(  34  , 20 0 20 0 20 0 20 0 20 0 20 0 20 0 20 0 20 0 20 0 20 0 20 0 20 0 20 0 20 0 20 0 20 0  , 0 0.05 24 24.05 48 48.05 72 72.05 96	96.05	120	120.05	144	144.05	168	168.05	192	192.05	216	216.05	240	240.05	264	264.05	288	288.05	312	312.05	336	336.05	360	360.05	384	384.05  );
Print( Ccentral , 432 ); 
Data( Ccentral , -1);
Print( AUC , 432 ); 
Data( AUC , -1);
}

Simulation {## Study 1 Group 6 Strain = CD-1 (F) Dosed at 40 mg/kg GD-1-17 ***Experiment = 6: CD1F-S1D40GD117
Dose  = NDoses(  34  , 40 0 40 0 40 0 40 0 40 0 40 0 40 0 40 0 40 0 40 0 40 0 40 0 40 0 40 0 40 0 40 0 40 0  , 0 0.05 24 24.05 48 48.05 72 72.05 96	96.05	120	120.05	144	144.05	168	168.05	192	192.05	216	216.05	240	240.05	264	264.05	288	288.05	312	312.05	336	336.05	360	360.05	384	384.05  );
Print( Ccentral , 432 ); 
Data( Ccentral , -1);
Print( AUC , 432 ); 
Data( AUC , -1);
}
#-------------------------------------------------------------------------------------------------------------
# Data from Wolf et al. (2007)
#-------------------------------------------------------------------------------------------------------------
Simulation {## Study 2 Group 1 Strain = CD-1 (F) Dosed at 3 mg/kg GD-1-17 ***Experiment = 7: CD1F-S2D3GD117
Dose  = NDoses(  34  , 3 0  3 0 3 0 3 0 3 0 3 0 3 0 3 0 3 0 3 0 3 0 3 0 3 0 3 0 3 0 3 0 3 0 , 0 0.05 24 24.05 48 48.05 72 72.05 96	96.05	120	120.05	144	144.05	168	168.05	192	192.05	216	216.05	240	240.05	264	264.05	288	288.05	312	312.05	336	336.05	360	360.05	384	384.05  );
Print( Ccentral , 960 ); 
Data( Ccentral , -1	);
Print( AUC , 960	); 
Data( AUC , -1	);
}

Simulation {## Study 2 Group 2 Strain = CD-1 (F) Dosed 5 mg/kg at GD-1-17 ***Experiment = 8: CD1F-S2D5GD117
Dose  = NDoses(  34  , 5 0 5 0 5 0 5 0 5 0 5 0 5 0 5 0 5 0 5 0 5 0 5 0 5 0 5 0 5 0 5 0 5 0  , 0 0.05 24 24.05 48 48.05 72 72.05 96	96.05	120	120.05	144	144.05	168	168.05	192	192.05	216	216.05	240	240.05	264	264.05	288	288.05	312	312.05	336	336.05	360	360.05	384	384.05  );
Print( Ccentral ,	960 ); 
Data( Ccentral ,	-1	);
Print( AUC ,	960	); 
Data( AUC ,	-1	);
}

Simulation {## Study 2 Group 3 Strain = CD-1 (F) Dosed 5 mg/kg at GD-7-17 ***Experiment = 9: CD1F-S2D5GD717
Dose  = NDoses(  34  , 0	0	0	0	0	0	0	0	0	0	0	0	5 0 5 0 5 0 5 0 5 0 5 0 5 0 5 0 5 0 5 0 5 0 , 0 0.05 24 24.05 48 48.05 72 72.05 96	96.05	120	120.05	144	144.05	168	168.05	192	192.05	216	216.05	240	240.05	264	264.05	288	288.05	312	312.05	336	336.05	360	360.05	384	384.05  );
Print( Ccentral , 960 ); 
Data( Ccentral , -1	);
Print( AUC , 960	); 
Data( AUC , -1	);
}

Simulation {## Study 2 Group 4 Strain = CD-1 (F) Dosed 5 mg/kg at GD-10-17 ***Experiment = 10: CD1F-S2D5GD1017
Dose  = NDoses(  34  ,	0	0	0	0	0	0	0	0	0	0	0	0	0	0	0	0	0	0 5 0 5 0 5 0 5 0 5 0 5 0 5 0 5 0 , 0 0.05 24 24.05 48 48.05 72 72.05 96	96.05	120	120.05	144	144.05	168	168.05	192	192.05	216	216.05	240	240.05	264	264.05	288	288.05	312	312.05	336	336.05	360	360.05	384	384.05  );
Print( Ccentral , 960 ); 
Data( Ccentral , -1	);
Print( AUC , 960	); 
Data( AUC , -1	);
}

Simulation {## Study 2 Group 5 Strain = CD-1 (F) Dosed 5 mg/kg at GD-13-17 ***Experiment = 11: CD1F-S2D5GD1317
Dose  = NDoses(  34  , 0	0	0	0	0	0	0	0	0	0	0	0	0	0	0	0	0	0	0	0	0	0	0	0	5 0 5 0 5 0 5 0 5 0 , 0 0.05 24 24.05 48 48.05 72 72.05 96	96.05	120	120.05	144	144.05	168	168.05	192	192.05	216	216.05	240	240.05	264	264.05	288	288.05	312	312.05	336	336.05	360	360.05	384	384.05  );
Print( Ccentral , 960 ); 
Data( Ccentral , -1	);
Print( AUC , 960	); 
Data( AUC , -1	);
}

Simulation {## Study 2 Group 6 Strain = CD-1 (F) Dosed 5 mg/kg at GD-15-17 ***Experiment = 12: CD1F-S2D5GD1517
Dose  = NDoses(  34  , 0	0	0	0	0	0	0	0	0	0	0	0	0	0	0	0	0	0	0	0	0	0	0	0	0	0	0	0	5 0 5 0 5 0  , 0 0.05 24 24.05 48 48.05 72 72.05 96	96.05	120	120.05	144	144.05	168	168.05	192	192.05	216	216.05	240	240.05	264	264.05	288	288.05	312	312.05	336	336.05	360	360.05	384	384.05  );
Print( Ccentral , 960 ); 
Data( Ccentral , -1	);
Print( AUC , 960	); 
Data( AUC , -1	);
}

Simulation {## Study 2 Group 7 Strain = CD-1 (F) Dosed 20 mg/kg at GD-15-17 ***Experiment = 13: CD1F-S2D20GD1517
Dose  = NDoses(  34  , 0	0	0	0	0	0	0	0	0	0	0	0	0	0	0	0	0	0	0	0	0	0	0	0	0	0	0	0	20 0 20 0 20 0  , 0 0.05 24 24.05 48 48.05 72 72.05 96	96.05	120	120.05	144	144.05	168	168.05	192	192.05	216	216.05	240	240.05	264	264.05	288	288.05	312	312.05	336	336.05	360	360.05	384	384.05  );
Print( Ccentral , 960 ); 
Data( Ccentral , -1);
Print( AUC , 960 ); 
Data( AUC , -1);
}

END.
